C1
14859 19897
21309 30917
61513 71352
102355 -125
C10
8310 14667
16082 33548
34872 45795
48027 67435
97367 -125
C11
8198 17840
19361 29050
30510 39003
40483 46255
76784 -125
C12
8081 14011
15469 19072
51621 57697
60398 63859
91596 -125
C13
20210 34533
36316 42963
78478 82923
109198 126425
127492 -125
C14
20908 25367
26763 32204
66805 73831
102098 -125
C15
8542 9500
22213 30944
80304 83332
109631 112592
C17
9313 16544
17975 23742
57849 66602
98073 -125
C18
26149 36713
39641 42419
79065 81053
111369 -125
C19
11750 18763
20277 32268
62903 64269
93083 -125
C2
8258 15347
16801 21379
59119 65209
96794 -125
C20
15343 25537
27229 33795
77983 83056
119535 -125
C21
16460 25944
27210 29789
55639 61986
91935 -125
C22
9523 15347
16795 23959
59311 60002
96896 -125
C23-2
21175 27425
28867 41254
78598 82330
120123 -125
C24
9699 18729
20187 30662
67398 71491
114056 117883
C25
21127 27668
29170 38196
75758 76395
110969 -125
C26
29859 34913
69825 71933
100471 -125
C27
15059 31128
67505 67750
93611 -125
C28
32715 39566
96569 -125
C29
11857 22214
63465 69580
108864 -125
C3
8021 15328
16810 23929
59315 66618
100613 -125
C30
6696 14297
15757 25714
57937 69117
101831 -125
C31
6126 15871
39543 39560
72635 -125
C32
17565 36088
38592 45154
71028 78290
111291 113695
C33
8076 14045
15519 31107
66791 76545
111639 -125
C35
10705 26175
27722 49915
74702 75984
105668 -125
C36
13799 28539
29783 39825
77629 86056
119111 -125
C37
9402 14817
16710 27946
58150 62301
89168 -125
C38
10910 27172
57297 57289
84385 -125
C39
8921 18621
69191 -125
C4
24132 51634
53346 55503
81423 82549
114829 -125
C40
20955 21297
66923 67631
C41
7870 14430
15737 24233
49353 54435
82743 -125
C44
8640 26838
28214 33360
58684 63261
107011 -125
C45
11601 16510
17950 22618
62871 67702
98988 -125
C5
14318 27626
29257 37587
65968 85826
111998 -125
C6
8081 15550
16945 21558
56654 65183
95476 -125
C7
10450 16437
17929 22513
56623 64015
96717 -125
C8
8109 15233
16749 22415
56740 65421
94187 -125
C9
19374 24909
26428 31602
68139 71614
107861 -125
S1
14998 31139
33244 53133
55403 60922
91930 -125
S10-3
25462 -125
S11
11761 18557
20211 23616
62413 75399
104053 -125
S13-2
34074 34547
59652 71169
73424 -125
S14
18384 40607
41968 61159
61911 61842
89439 98495
99777 118312
119285 125453
127005 132211
133363 144689
145663 -125
S16-2
6445 13423
14867 20856
52421 57025
59951 69589
106455 -125
S17
6740 12960
14388 20332
54294 65294
96952 -125
S19
7572 18090
21297 39764
42343 46331
70346 -125
S2
11949 20616
21890 53199
54403 55017
87243 -125
S20
15645 39048
40815 51848
53890 57490
93545 -125
S21
16604 22520
23573 35634
37982 48101
74244 -125
S22
5216 16913
43048 51949
75121 88731
90209 -125
S23-1
18982 23077
24898 34152
67249 79603
119173 -125
S24
8008 15288
16721 21947
58229 70277
98161 -125
S27
26153 27694
29003 60488
101165 117741
118697 132691
133593 138421
147758 -125
S28-6
43718 44666
71165 77916
S29-1
9155 16847
18250 23229
57931 66485
96736 -125
S3
7848 16539
17989 24205
64161 71510
101714 -125
S30
24863 34560
35900 48284
49705 57817
58803 60895
106879 119321
120503 147393
148505 -125
S32
6813 16590
18026 19500
28034 36494
37933 45405
46829 51562
81781 -125
S33
62868 63584
112130 139381
140416 144755
145816 148194
149202 -125
S34
3395 7916
9383 15295
16745 22175
55511 65208
94395 -125
S35
14712 17230
18585 43988
45503 57779
59698 59480
99741 108928
110346 112089
113390 139417
140545 144029
146198 -125
S36-6
35589 46654
73011 -125
S37
8128 13209
16899 21670
59356 67988
98294 -125
S38
6735 12905
14369 20575
55601 65276
97955 -125
S39
18562 41763
43426 70332
98426 106925
135891 -125
S4
19103 25678
27230 51515
83876 85761
115466 -125
S40
11711 26454
28120 38281
39814 64036
106043 -125
S41
10909 24605
26123 33571
35695 53347
81735 -125
S42
15040 21596
23215 27658
58148 62895
91050 93400
S43
15286 22095
49902 55628
84059 -125
S44-1
71271 -125
S45
9411 10675
46631 69218
71930 -125
S5
12543 18737
20582 34344
79409 81304
133500 -125
S6
8072 16433
17961 23158
56760 66614
96669 -125
S7-2
29019 -125
S8-6
1451 1809
29305 30012
53862 -125
S9-1
11650 27059
28866 32770
77872 82498
107907 -125